0.0001 100 1e-12 1 7.83 0.491 4.74 0.491 6.09 0.491 
0.1 100 1e-12 1 6.69 0.49 5.52 0.49 3.13 0.49 
100 100 1e-12 1 14.2 0.482 3.54 0.482 9.89 0.482 
1e+05 100 1e-12 1 80.9 0.423 3.47 0.423 24.8 0.423 
1e+09 100 1e-12 1 19.6 0.433 7.83 0.433 7.39 0.433 
100 100 1e-12 1 13.5 0.482 4.21 0.482 2.91 0.482 
100 1e+03 1e-12 1 7.74 0.496 3.38 0.496 3.31 0.496 
100 1e+04 1e-12 1 5.28 0.497 3.8 0.497 2.83 0.497 
100 1e+05 1e-12 1 5.02 0.497 3.75 0.497 2.84 0.497 
100 8e+05 1e-12 1 4.75 0.497 3.71 0.497 3.25 0.497 
100 100 8.81e-12 1 10.8 0.482 3.8 0.482 3.46 0.482 
100 100 1e-12 1 10.8 0.482 4.07 0.482 3.55 0.482 
100 100 1e-11 1 10.7 0.482 3.37 0.482 3.31 0.482 
100 100 1e-10 1 10.5 0.482 3.39 0.482 3.06 0.482 
100 100 1e-12 0 6.85 0.497 4.2 0.497 4.13 0.497 
100 100 1e-12 100 32.5 0.419 3.62 0.419 8.68 0.419 
100 100 1e-12 1e+04 5.14e+03 0.419 3.37 0.419 14.3 0.419 
100 100 1e-12 1e+06 4.98e+03 0.419 3.92 0.419 13 0.419 
100 100 1e-12 1e+08 5.01e+03 0.419 3.41 0.419 12.1 0.419 
